[PLAYER]
62;24;3;45;177;0
[ENEMIES]
0;1;1;23;13;1
1;1;1;27;13;1
2;1;1;31;13;1
3;1;1;35;13;1
4;1;1;39;13;1
5;1;1;43;13;1
6;1;1;47;13;1
7;1;1;51;13;1
8;1;1;55;13;1
9;1;1;59;13;1
10;1;0;52;13;0
11;1;1;23;11;1
12;1;1;27;11;1
13;1;1;31;11;1
14;1;1;35;11;1
15;1;1;39;11;1
16;1;1;43;11;1
17;1;1;47;11;1
18;1;1;51;11;1
19;1;1;55;11;1
20;1;1;59;11;1
21;1;0;50;11;0
22;2;2;23;9;1
23;2;2;27;9;1
24;2;2;31;9;1
25;2;2;35;9;1
26;2;2;39;9;1
27;2;2;43;9;1
28;2;2;47;9;1
29;2;2;51;9;1
30;2;2;55;9;1
31;2;1;59;9;1
32;2;0;51;9;0
33;2;2;23;7;1
34;2;2;27;7;1
35;2;2;31;7;1
36;2;2;35;7;1
37;2;2;39;7;1
38;2;2;43;7;1
39;2;2;47;7;1
40;2;2;51;7;1
41;2;2;55;7;1
42;2;2;59;7;1
43;2;0;52;7;0
44;3;5;23;4;1
45;3;5;27;4;1
46;3;5;31;4;1
47;3;5;35;4;1
48;3;5;39;4;1
49;3;5;43;4;1
50;3;5;47;4;1
51;3;5;51;4;1
52;3;5;55;4;1
53;3;5;59;4;1
54;3;0;60;4;0
[PLAYERBULLET]
0;60;3;1
1;59;9;0
[ENEMYBULLET]
0;27;20;1
1;32;25;0
2;49;25;0
3;34;25;0
4;51;25;0
5;29;25;0
6;46;25;0
7;35;25;0
8;40;25;0
9;29;25;0
10;22;25;0
